0 100000 2 10.560571428571427 0.08948081541051463
0 100000 4 5.922 0.040117684023739095
0 100000 6 4.2261428571428565 0.018411398421541453
0 100000 8 3.334857142857143 0.01475929316376221
0 100000 12 2.4331428571428573 0.040968380041994615
0 100000 24 2.032142857142857 0.160144067792034
0 100000 48 1.5958571428571429 0.10684759315616475
0 1000000 2 155.97957142857143 1.0383057431828688
0 1000000 4 86.71400000000001 0.5101764400675531
0 1000000 6 61.728 0.3971836566915319
0 1000000 8 49.58085714285715 0.4259401126823299
0 1000000 12 37.91585714285714 0.5347566679131278
0 1000000 24 30.939714285714285 0.7611667199176568
0 1000000 48 25.65285714285714 0.6908709676036128
1 100000 2 10.565 0.14885947352165035
1 100000 4 5.923285714285714 0.06787744057325308
1 100000 6 4.193428571428572 0.013937176828869807
1 100000 8 3.335 0.01815803639478364
1 100000 12 2.4581428571428567 0.061252238609653065
1 100000 24 2.115285714285714 0.07811294804999508
1 100000 48 1.5972857142857144 0.15119969225754235
1 1000000 2 160.2574285714286 2.964314127230437
1 1000000 4 86.82785714285714 1.5021681880888433
1 1000000 6 62.03642857142858 1.314162727164862
1 1000000 8 49.69914285714286 0.8902854162845626
1 1000000 12 37.36942857142857 0.4314562905002591
1 1000000 24 30.445285714285713 0.48914552736253786
1 1000000 48 25.589142857142857 0.4375850704463656
2 100000 2 17.315714285714286 1.144452921616227
2 100000 4 9.258142857142856 0.05515802900091079
2 100000 6 6.880285714285714 0.2004621191758927
2 100000 8 5.455857142857143 0.060729913954982666
2 100000 12 4.078142857142856 0.05799120271072771
2 100000 24 2.983714285714286 0.053403355394084945
2 100000 48 2.1644285714285716 0.05009378958615569
2 1000000 2 236.53399999999996 4.872567759552304
2 1000000 4 135.08657142857143 3.4476935916697697
2 1000000 6 99.034 1.0258381938688008
2 1000000 8 77.59771428571428 0.8245458861502771
2 1000000 12 58.79714285714285 1.7374188925424026
2 1000000 24 43.73428571428571 0.6674864823212768
2 1000000 48 35.84671428571429 0.3382449299739172
3 100000 2 19.909285714285716 0.40896165181231997
3 100000 4 10.850857142857143 0.16517560228991687
3 100000 6 7.776285714285714 0.09534705671644918
3 100000 8 6.350428571428571 0.12405051637234277
3 100000 12 4.612 0.05625452362762867
3 100000 24 3.540428571428571 0.16169270426412224
3 100000 48 2.684285714285714 0.12601101344804777
3 1000000 2 314.57014285714286 9.350409730190925
3 1000000 4 176.08928571428572 1.9958249790346816
3 1000000 6 132.36871428571428 1.2139352435406954
3 1000000 8 108.124 2.8490677171915157
3 1000000 12 83.16228571428572 0.820203060969958
3 1000000 24 57.10442857142858 0.7215665214642084
3 1000000 48 48.74457142857143 0.9122610618117812
4 100000 2 1765.462 13.3341378209681
4 100000 4 1060.6658571428572 7.581070701397794
4 100000 6 836.6009999999999 13.645357075367643
4 100000 8 666.607 13.599226270007312
4 100000 12 515.077 6.3202275275499495
4 100000 24 391.57171428571434 4.39533995806227
4 100000 48 329.57842857142856 2.5262695737358705
5 100000 2 9.656000000000002 0.16671361243590332
5 100000 4 5.372000000000001 0.042227276222162956
5 100000 6 3.8770000000000002 0.04549725266430923
5 100000 8 3.097142857142857 0.018216386433480117
5 100000 12 2.101571428571429 0.034549579872811105
5 100000 24 1.6474285714285715 0.0335851035977778
5 100000 48 1.1931428571428573 0.02050385727772475
5 1000000 2 135.13142857142856 1.312420322168481
5 1000000 4 75.11557142857143 0.8160743763622901
5 1000000 6 53.69557142857143 0.6279792665237219
5 1000000 8 42.826428571428565 0.10622732651233915
5 1000000 12 32.845714285714294 0.3020660827821398
5 1000000 24 22.395714285714284 0.3055013276967711
5 1000000 48 19.763714285714286 0.2708007777398171
