0 10000 2 4.710714285714286 0.08141904706203457
0 10000 4 2.4979999999999998 0.027815720118563977
0 10000 6 1.7475714285714283 0.03001836172772132
0 10000 8 1.3255714285714286 0.05487611279146916
0 10000 12 0.8867142857142858 0.014829644882698277
0 10000 24 0.8292857142857143 0.0034522988495984523
0 10000 48 0.54 0.017079645362661516
0 100000 2 437.3745714285714 1.579653023125442
0 100000 4 231.50585714285717 0.8228499999689971
0 100000 6 159.107 0.17543578393735704
0 100000 8 121.78171428571429 0.10091540203233135
0 100000 12 81.74542857142858 0.13148477059324895
0 100000 24 59.528000000000006 0.7669654490262265
0 100000 48 43.29257142857143 0.22790778657973434
1 10000 2 4.496142857142858 0.07585969863867792
1 10000 4 2.3947142857142856 0.023783032881893422
1 10000 6 1.7031428571428573 0.030944321294999588
1 10000 8 1.2937142857142856 0.029353579901968144
1 10000 12 0.8917142857142858 0.02828787870506823
1 10000 24 0.8385714285714286 0.0043377789859111405
1 10000 48 0.5611428571428572 0.012866663141940205
1 100000 2 436.03128571428573 2.2158892258469294
1 100000 4 231.62457142857141 0.15888257761437147
1 100000 6 159.10100000000003 0.08819944930181224
1 100000 8 121.54442857142855 0.05290654062416215
1 100000 12 82.15842857142857 0.23718097800314816
1 100000 24 59.89114285714287 0.4915507323247301
1 100000 48 43.92242857142857 0.3504987699765895
2 10000 2 4.463714285714286 0.0430405598931793
2 10000 4 2.396857142857143 0.010656032113698106
2 10000 6 1.6817142857142857 0.023686730979385857
2 10000 8 1.2945714285714285 0.02351812154098044
2 10000 12 1.0952857142857142 0.11083799540089938
2 10000 24 0.8307142857142857 0.011015758656375404
2 10000 48 0.5195714285714287 0.01800680143610142
2 100000 2 441.56071428571425 2.624742692928516
2 100000 4 233.23100000000002 0.1572205002990554
2 100000 6 159.73371428571429 0.25123450302497324
2 100000 8 121.97900000000001 0.3031628510977476
2 100000 12 82.17585714285714 0.1794208369579603
2 100000 24 54.630428571428574 0.9751351345389243
2 100000 48 43.450714285714284 0.212551650385578
3 10000 2 4.918428571428572 0.021875342562915307
3 10000 4 2.747 0.05350300392100838
3 10000 6 2.0245714285714285 0.04288475301102159
3 10000 8 1.6087142857142858 0.023162249370869952
3 10000 12 1.2074285714285715 0.023915668162806387
3 10000 24 0.9877142857142857 0.04170205300089912
3 10000 48 0.9024285714285716 0.03904157909151709
3 100000 2 446.866 5.762410259604919
3 100000 4 232.49 0.35727060572384434
3 100000 6 176.7607142857143 0.5494190995394789
3 100000 8 122.51942857142856 0.1491632443646457
3 100000 12 91.595 0.18151820058291068
3 100000 24 48.54257142857143 0.5199810043626194
3 100000 48 43.80742857142857 0.1648894496693011
4 10000 2 4.996428571428572 0.06262098494196686
4 10000 4 3.0024285714285712 0.046182424433225754
4 10000 6 2.293857142857143 0.018450153475386262
4 10000 8 1.9314285714285713 0.034487501433157534
4 10000 12 1.4842857142857142 0.029246314960615274
4 10000 24 1.4184285714285714 0.019249171728801667
4 10000 48 1.1474285714285715 0.04337496691759017
4 100000 2 438.17771428571433 0.7824486681996147
4 100000 4 232.72 0.342499217934459
4 100000 6 160.41314285714287 0.2904156767568202
4 100000 8 122.747 0.10070324154237756
4 100000 12 83.15714285714284 0.074000827353345
4 100000 24 60.410714285714285 1.2224401491964119
4 100000 48 44.71514285714286 0.38989794583104176
5 10000 2 4.480571428571428 0.06849996275881626
5 10000 4 2.3764285714285713 0.014150791425188268
5 10000 6 1.6482857142857141 0.024464051093765433
5 10000 8 1.243285714285714 0.004199125273342549
5 10000 12 0.8431428571428572 0.007395530917454169
5 10000 24 0.6867142857142857 0.03386829231729576
5 10000 48 0.4332857142857143 0.005390846361175207
5 100000 2 442.8155714285714 0.6262290446206842
5 100000 4 234.26542857142854 0.4292354855330672
5 100000 6 161.6187142857143 1.4285872856262827
5 100000 8 122.69628571428571 0.1403482548985235
5 100000 12 82.48728571428572 0.2994846594142846
5 100000 24 44.568285714285715 0.22236052725614733
5 100000 48 41.023142857142865 0.062437233789344584
