./JVM/times.txt
0 10000 1 4.918428571428572 0.021875342562915307
0 10000 3 2.747 0.05350300392100838
0 10000 5 2.0245714285714285 0.04288475301102159
0 10000 7 1.6087142857142858 0.023162249370869952
0 10000 11 1.2074285714285715 0.023915668162806387
0 10000 23 0.9877142857142857 0.04170205300089912
0 10000 47 0.9024285714285716 0.03904157909151709
0 100000 1 446.866 5.762410259604919
0 100000 3 232.49 0.35727060572384434
0 100000 5 176.7607142857143 0.5494190995394789
0 100000 7 122.51942857142856 0.1491632443646457
0 100000 11 91.595 0.18151820058291068
0 100000 23 48.54257142857143 0.5199810043626194
./Julia/times_mut.txt
1 10000 2 4.996428571428572 0.06262098494196686
1 10000 4 3.0024285714285712 0.046182424433225754
1 10000 6 2.293857142857143 0.018450153475386262
1 10000 8 1.9314285714285713 0.034487501433157534
1 10000 12 1.4842857142857142 0.029246314960615274
1 10000 24 1.4184285714285714 0.019249171728801667
1 10000 48 1.1474285714285715 0.04337496691759017
1 100000 2 438.17771428571433 0.7824486681996147
1 100000 4 232.72 0.342499217934459
1 100000 6 160.41314285714287 0.2904156767568202
1 100000 8 122.747 0.10070324154237756
1 100000 12 83.15714285714284 0.074000827353345
1 100000 24 60.410714285714285 1.2224401491964119
./Julia/times_imut.txt
2 10000 2 5.0677142857142865 0.11999251677347503
2 10000 4 2.987714285714286 0.024754302862413268
2 10000 6 2.2935714285714286 0.051076573167457236
2 10000 8 1.9157142857142857 0.02582199663473148
2 10000 12 1.506 0.030863755905129665
2 10000 24 1.4254285714285715 0.026424323983012015
2 10000 48 1.1651428571428573 0.027858974298771155
2 100000 2 451.65200000000004 5.9597613566795955
2 100000 4 236.98014285714285 2.628560954948081
2 100000 6 162.92685714285716 0.753922206781015
2 100000 8 123.19885714285715 0.07474992321339363
2 100000 12 82.647 0.2218532333387496
2 100000 24 61.04614285714286 0.47009829627777316
./C++/times.txt
3 10000 2 4.496142857142858 0.07585969863867792
3 10000 4 2.3947142857142856 0.023783032881893422
3 10000 6 1.7031428571428573 0.030944321294999588
3 10000 8 1.2937142857142856 0.029353579901968144
3 10000 12 0.8917142857142858 0.02828787870506823
3 10000 24 0.8385714285714286 0.0043377789859111405
3 10000 48 0.5611428571428572 0.012866663141940205
3 100000 2 436.03128571428573 2.2158892258469294
3 100000 4 231.62457142857141 0.15888257761437147
3 100000 6 159.10100000000003 0.08819944930181224
3 100000 8 121.54442857142855 0.05290654062416215
3 100000 12 82.15842857142857 0.23718097800314816
3 100000 24 59.89114285714287 0.4915507323247301
./rust_par_nbody/times.txt
4 10000 2 4.480571428571428 0.06849996275881626
4 10000 4 2.3764285714285713 0.014150791425188268
4 10000 6 1.6482857142857141 0.024464051093765433
4 10000 8 1.243285714285714 0.004199125273342549
4 10000 12 0.8431428571428572 0.007395530917454169
4 10000 24 0.6867142857142857 0.03386829231729576
4 10000 48 0.4332857142857143 0.005390846361175207
4 100000 2 442.8155714285714 0.6262290446206842
4 100000 4 234.26542857142854 0.4292354855330672
4 100000 6 161.6187142857143 1.4285872856262827
4 100000 8 122.69628571428571 0.1403482548985235
4 100000 12 82.48728571428572 0.2994846594142846
4 100000 24 44.568285714285715 0.22236052725614733
./C/times.txt
5 10000 2 4.710714285714286 0.08141904706203457
5 10000 4 2.4979999999999998 0.027815720118563977
5 10000 6 1.7475714285714283 0.03001836172772132
5 10000 8 1.3255714285714286 0.05487611279146916
5 10000 12 0.8867142857142858 0.014829644882698277
5 10000 24 0.8292857142857143 0.0034522988495984523
5 10000 48 0.54 0.017079645362661516
5 100000 2 437.3745714285714 1.579653023125442
5 100000 4 231.50585714285717 0.8228499999689971
5 100000 6 159.107 0.17543578393735704
5 100000 8 121.78171428571429 0.10091540203233135
5 100000 12 81.74542857142858 0.13148477059324895
5 100000 24 59.528000000000006 0.7669654490262265
./Golang/times.txt
6 10000 2 4.463714285714286 0.0430405598931793
6 10000 4 2.396857142857143 0.010656032113698106
6 10000 6 1.6817142857142857 0.023686730979385857
6 10000 8 1.2945714285714285 0.02351812154098044
6 10000 12 1.0952857142857142 0.11083799540089938
6 10000 24 0.8307142857142857 0.011015758656375404
6 10000 48 0.5195714285714287 0.01800680143610142
6 100000 2 441.56071428571425 2.624742692928516
6 100000 4 233.23100000000002 0.1572205002990554
6 100000 6 159.73371428571429 0.25123450302497324
6 100000 8 121.97900000000001 0.3031628510977476
6 100000 12 82.17585714285714 0.1794208369579603
6 100000 24 54.630428571428574 0.9751351345389243
